Score: 131
32.143555...4.44...03.1.....2..4.......03.15.445
500145514..13.113345133..52.1..00532...332204124
04050512201323102442145.531.1.555410322321441425
105032342552225213423542103.04451025100344550312
542040023151305412540515021.21555444354553501242
334154443033530555011255052440114051433551233021
302435203411530331252243544042111221412354322150
255253041253352400005215542343300444204432145405
403315531355440511302553100420255230515014045430
340535054444503224412301005540454504101513341544
123153251243232114145234340414220422521103203552
104001433405021443221135455523543324255015321442
